x=[0.231918941	0.256141559	0.209860136	0.263911997	0.226277852	0.275851801	0.24387523	0.216981932	0.283465319	0.256287504	0.230621177	0.206994761	0.286846151	0.263806291	0.24007882	0.218851874	0.29110772	0.268579226	0.247958819	0.227675593	0.207839269	0.293695572	0.271695832	0.251388213	0.236705243	0.295139016	0.278321918	0.238406487	0.264117257	0.266855549	0.222809941	0.274360943	0.240050819	0.281031714	0.251778916	0.223762429	0.283967358	0.259099834	0.233923338	0.286925974	0.263931669	0.24548016	0.223519369	0.289955713	0.268526997	0.249026216	0.230150096	0.290567731	0.270355438	0.252568625	0.267435777	0.28396266	0.244158123	0.284526997	0.25378103	0.287667989	0.263420636	0.289911187	0.270525674	0.252023198	0.292446638	0.275498941	0.259360208	0.24213099	0.294330148	0.279939048	0.267302017	0.251827397	0.295799008	0.282994837	0.269127022	0.256765534	0.243239723	0.296379068	0.284259281	0.270234683	0.257848228	0.245530764	0.30366617	0.31115193	0.299584395	0.284519209	0.307647786	0.305592055	0.297879871	0.308714649	0.309388666	0.306716524	0.300683809	0.311630707	0.310059371	0.310123508	0.307654183	0.303590158	0.311728781	0.311299419	0.312219393	0.311840976	0.307855495	0.304105302	0.311071687	0.312984415	0.31386922	0.312920134	0.312721989	0.308899683	0.304384922	0.312677667	0.314342157	0.314974264	0.31474962	0.313481391	0.31177924	0.309214585	0.304735234	0.311958366	0.314675748	0.315043478	0.315410326	0.315790448	0.313685869	0.3114964	0.308750401	0.303292514	0.316744822	0.310878774	0.312435695	0.320678426	0.316866966	0.318126979	0.319503842	0.325440096	0.315158075	0.32435653	0.32519815	0.326253953	0.330979802	0.329702507	0.314484225	0.321720016	0.324357731	0.32828632	0.330460501	0.332599957	0.334770825	0.336724134	0.315257136	0.320024481	0.32332261	0.32815656	0.330087603	0.333106533	0.33505712	0.338046336	0.340958788	0.342517516	0.315000952	0.317801057	0.32285632	0.325654178	0.329516746	0.332197963	0.335079877	0.336570479	0.33805086	0.340547972	0.340876128	0.33414548	0.31385752	0.318068491	0.321535635	0.325812156	0.328380151	0.330757433	0.334120601	0.331934567	0.325132641	0.319236661	0.319708206	0.313672178	0.3174763	0.32125681	0.324424637	0.322603061	0.317522105	0.317139396	0.312967904	0.316332028	0.314636484	0.268500832	0.247338912	0.231265273	0.220212138	0.211072235	0.281273119	0.261734092	0.244376732	0.229898709	0.219587655	0.214178757	0.211325716	0.286284305	0.267572685	0.251239761	0.239843108	0.229427313	0.222103985	0.214511648	0.20983295	0.206984497	0.204544847	0.291738911	0.275627287	0.261986131	0.251015643	0.239426663	0.231103431	0.221786095	0.218366751	0.212655268	0.208489781	0.204991059	0.202406487	0.199673519	0.296650128	0.283157372	0.269622433	0.258056166	0.248250955	0.2390898	0.22995207	0.222515186	0.217569263	0.213073958	0.214679559	0.299149468	0.285835811	0.274187577	0.264052745	0.254469372	0.244525764	0.235722854	0.233565162	0.300200806	0.288699228	0.277685322	0.2674038	0.256523078	0.255984542	0.30319217	0.290860041	0.279214731	0.278385447	0.304291626	0.299269189	0.411236793	0.485296266	0.376379814	0.442460235	0.506027377	0.567409313	0.371854372	0.428976014	0.485023358	0.537441106	0.585362198	0.35830931	0.407107018	0.452782628	0.496778822	0.539183578	0.578869575	0.34532952	0.387946909	0.427424184	0.468342401	0.509288725	0.547427432	0.574623415	0.342038718	0.377326078	0.408421626	0.443361571	0.479976336	0.514468192	0.544823272	0.570584339	0.336033775	0.3675003	0.398209041	0.429783166	0.458381555	0.479148878	0.50408925	0.527754112	0.329839641	0.36131429	0.386252067	0.402824299	0.419773031	0.328632765	0.345204754	0.359058236	0.3573918	0.395735048	0.40628469	0.354487685	0.380857419	0.414640343	0.441491322	0.350823319	0.388940522	0.424074557	0.453966796	0.480750603	0.339133664	0.370687794	0.399686578	0.424981391	0.449988794	0.478492834	0.50018371	0.332679322	0.359117067	0.382814841	0.407839795	0.43127465	0.45633094	0.476641662	0.495720313	0.329400757	0.350211545	0.37358114	0.392425879	0.415757883	0.434717152	0.454124479	0.469638541	0.479336269	0.325295498	0.344616077	0.364414019	0.385005782	0.403387068	0.411357554	0.418977521	0.42586485	0.321254245	0.341440097	0.360345728	0.365674808	0.370352515	0.320333101	0.330195246	0.334566287	0.377489884	0.352709104	0.416949958	0.35030573	0.394312461	0.344098135	0.386798028	0.420856222	0.34129244	0.375706538	0.406005146	0.339718449	0.367041213	0.394593235	0.420490876	0.336651903	0.362384892	0.385737128	0.409292914	0.336084889	0.357950821	0.380521866	0.400104536	0.418353903	0.334820749	0.356102288	0.3755279	0.395455698	0.411558282	0.443593827	0.38565709	0.466743961	0.374345305	0.433843229	0.486759297	0.365677079	0.419701024	0.461322864	0.354668458	0.398734481	0.44086834	0.475353985	0.348743699	0.385487635	0.422971281	0.456397001	0.483219378	0.344281539	0.377823467	0.408550041	0.440042666	0.465649611	0.340362482	0.370061203	0.398614447	0.427650013	0.449035722	0.466972352	0.339318623	0.361711555	0.379996827	0.398521624	0.234188431	0.260479259	0.264119949	0.218801149	0.273317476	0.236537775	0.279113823	0.249917518	0.222045357	0.283950008	0.257536862	0.2321011	0.287054005	0.263243203	0.242504677	0.220830986	0.29002706	0.266915452	0.246372684	0.226444014	0.291295626	0.269767722	0.262119434	0.279874725	0.234758909	0.281501445	0.242932544	0.282636562	0.255640175	0.288905937	0.266128363	0.245925854	0.290742107	0.270897752	0.252974862	0.292842315	0.276518149	0.261270031	0.244388637	0.293774718	0.279307979	0.264774538	0.250379932	0.294577484	0.280416584	0.265370257	0.250939277	0.238235841	0.290729521	0.301776496	0.277100619	0.300791804	0.28157556	0.26432747	0.300653835	0.289612883	0.27415171	0.30266663	0.293311162	0.283714114	0.270455007	0.303220241	0.297777118	0.288841746	0.279178194	0.269117894	0.304479789	0.298880247	0.293086013	0.286836881	0.277455974	0.304738755	0.301086098	0.295113608	0.289906337	0.283621313	0.274403287	0.306184403	0.301610315	0.296704787	0.291374688	0.285478855	0.278404831	0.354229851	0.342167345	0.386315155	0.341379576	0.376280398	0.338064312	0.37008239	0.394584124	0.333247815	0.362146106	0.389086552	0.334171824	0.356093916	0.379124531	0.400341635	0.332845159	0.353347331	0.372954977	0.39132578	0.409119262	0.332742814	0.350153687	0.369556216	0.385030066	0.402176574	0.331860465	0.349137874	0.366485835	0.382826247	0.396441865	0.410417285	0.280501584	0.263978582	0.255188719	0.247196665	0.286052066	0.273954153	0.267200372	0.256917689	0.251787927	0.2467534	0.292930887	0.280676344	0.269243122	0.261543544	0.255467027	0.251875154	0.245479941	0.24083821	0.239401353	0.297396355	0.285936104	0.277897107	0.270167183	0.264029492	0.257102167	0.251961725	0.246790397	0.243261332	0.239097691	0.236577928	0.300049432	0.28965036	0.280802422	0.273336362	0.266143286	0.260406578	0.25683811	0.251584209	0.247446221	0.243677436	0.240284811	0.242594613	0.247278944	0.301127755	0.293210462	0.284673993	0.277334749	0.270361663	0.264542133	0.259805591	0.254617699	0.256887811	0.303564718	0.294286632	0.287654088	0.279789395	0.273001624	0.271107294	0.304701093	0.295859825	0.288655055	0.287444629	0.304963078	0.303284068	0.241362964	0.260543901	0.219282866	0.266673464	0.231660889	0.202472701	0.278660895	0.250497656	0.224551093	0.200337463	0.28545273	0.26051292	0.237598643	0.215943299	0.197569803	0.289668438	0.26866064	0.246771944	0.228091496	0.209846881	0.293530769	0.272768725	0.253742009	0.235465399	0.21813701	0.29517849	0.276114434	0.256640593	0.297118072	0.374399385	0.415754608	0.447340296	0.360351935	0.399394263	0.440960635	0.477149522	0.35496976	0.398301787	0.439153749	0.482327445	0.516671165	0.348654711	0.379258619	0.414135516	0.446114437	0.473182482	0.504793513	0.532852821	0.3351625	0.365892189	0.394151028	0.421364803	0.452938378	0.4817104	0.502252901	0.52833302	0.332537853	0.356898246	0.383068959	0.404563892	0.432276782	0.45385138	0.477208623	0.495530188	0.509822807	0.327963872	0.350488866	0.373355177	0.395352742	0.416420095	0.427553228	0.438521985	0.450407485	0.323646375	0.346357429	0.365535772	0.372916065	0.381717086	