% Munsell sRGB 106 color scattering
D65x=[0.3127] %D65 White Point
D65y=[0.3290]
Sx=[0.6400 0.3000 0.1500] %sRGB gamut
Sy=[0.3300 0.6000 0.0600]
x=[0.3573918	0.395735048	0.40628469	0.415754608	0.447340296	0.39262543	0.444062513	0.464801609	0.411236793	0.485296266	0.523266213	0.600005306	0.425917261	0.443593827	0.419268391	0.377489884	0.354229851	0.317732867	0.313746243	0.278700011	0.262119434	0.242845842	0.231597413	0.240178046	0.20225931	0.190376837	0.177622069	0.268500832	0.247338912	0.231265273	0.211072235	0.255188719	0.294443099	0.279549719	0.310878774	0.324621602	0.327525245	0.350701684	0.378746284	0.477149522	0.512555929	0.543344391	0.376379814	0.567409313	0.463355217	0.538212309	0.38565709	0.457873777	0.439735795	0.386315155	0.352470839	0.325420116	0.299584395	0.284519209	0.277100619	0.254940232	0.234758909	0.205449371	0.260543901	0.310357066	0.33746119	0.424074557	0.471266768	0.495978305	0.394312461	0.3748655	0.3316835	0.297879871	0.26432747	0.166730465	0.302257453	0.348654711	0.407107018	0.539183578	0.578869575	0.415728503	0.366922608	0.351414302	0.420856222	0.327775166	0.340427415	0.308714649	0.277915858	0.200337463	0.280991542	0.230383462	0.216937319	0.275627287	0.330460501	0.365892189	0.439152981	0.589134578	0.547427432	0.515410657	0.479728009	0.300049432	0.272663121	0.320024481	0.355218139	0.370302311	0.479336269	0.342308102	0.279178194	0.2601752	0.50408925	0.406078557]
y=[0.272902013	0.244901841	0.215301853	0.259977781	0.233101457	0.301493847	0.277595115	0.292946608	0.32002486	0.308096791	0.336215074	0.329849044	0.357876194	0.404703577	0.432734825	0.419649299	0.413531651	0.379425619	0.538122857	0.354344077	0.328854367	0.304057512	0.268742462	0.232875956	0.14181426	0.119648969	0.082721339	0.229983352	0.180085952	0.151020454	0.103220096	0.155192376	0.232335463	0.189069782	0.204946772	0.245243814	0.17885328	0.224100776	0.199444453	0.261380538	0.278745101	0.305237584	0.329185897	0.326472858	0.370885468	0.396247937	0.365593349	0.438812015	0.470975006	0.475733012	0.463192976	0.444948922	0.421638289	0.49546109	0.40299092	0.375434544	0.337848061	0.235512036	0.268156561	0.266421249	0.280771564	0.288065228	0.333482494	0.388165715	0.446048353	0.506872774	0.493967564	0.468732433	0.43065922	0.072007042	0.163883158	0.316663612	0.340764922	0.358661325	0.358321438	0.368034264	0.35040625	0.369898224	0.477262517	0.418360549	0.53379054	0.352862657	0.314724925	0.210383553	0.284763916	0.203674556	0.182291986	0.252780522	0.217147657	0.316110476	0.323880278	0.302663306	0.365386096	0.406689701	0.414216371	0.293766752	0.170913804	0.280907818	0.24625865	0.221689508	0.268914067	0.474281027	0.420320939	0.287964846	0.376218935	0.406483482]
Ax=[0.364261872	0.416991097	0.432989394	0.438930329	0.482966269	0.403592794	0.468723619	0.48713953	0.424476092	0.511361495	0.543795171	0.611426187	0.434148144	0.453570168	0.421299051	0.374307007	0.350709337	0.316483275	0.309842255	0.279844187	0.263000587	0.243033098	0.229947773	0.235758571	0.191122496	0.178349449	0.16582516	0.26304736	0.236946607	0.215066264	0.190908434	0.240158344	0.290930111	0.270997094	0.308292646	0.327444001	0.330710102	0.358948391	0.399885951	0.526189563	0.555669905	0.579601615	0.388306242	0.593570251	0.491479458	0.569809082	0.395825055	0.469067336	0.439462952	0.375066648	0.346080821	0.320874516	0.299934019	0.290717459	0.281120895	0.262370313	0.241867891	0.199617406	0.253487146	0.308569084	0.341199549	0.47422329	0.52030526	0.54057308	0.391601027	0.350911019	0.319517224	0.29898535	0.279459028	0.160284103	0.293638849	0.362646345	0.450190027	0.573212069	0.601354399	0.454258473	0.384817466	0.357220425	0.410330168	0.322063189	0.31591826	0.306908719	0.273214096	0.189875418	0.272185336	0.206552599	0.195833655	0.259111977	0.340296606	0.397056204	0.48674291	0.606344729	0.574925489	0.54343799	0.5093009	0.294823727	0.261160969	0.324330345	0.37722143	0.387507774	0.501564729	0.324026454	0.288963523	0.247608043	0.521155837	0.417589693]
Ay=[0.272106059	0.253191489	0.230180316	0.267655928	0.251004906	0.30153563	0.286163574	0.299231348	0.321428571	0.312299808	0.334921156	0.329887521	0.354021715	0.402964357	0.435034533	0.423657184	0.419592779	0.384264965	0.549913664	0.362604874	0.33436629	0.306702716	0.264520866	0.225556566	0.124478226	0.101749505	0.073607574	0.221308383	0.167216154	0.133509003	0.09014664	0.14353031	0.227681512	0.182292411	0.201815616	0.243163658	0.179734017	0.228010544	0.211818376	0.284904658	0.298310431	0.316274409	0.329227803	0.327534852	0.364373365	0.373238117	0.368417162	0.429335132	0.472397797	0.489441641	0.482030311	0.468443777	0.448803068	0.529786578	0.433952218	0.406927178	0.364458192	0.215682091	0.259129862	0.262453832	0.278762681	0.299776176	0.332802084	0.366788521	0.455031627	0.529102923	0.529697382	0.515009211	0.49262789	0.067825394	0.158182382	0.317409909	0.337959709	0.346450507	0.345731103	0.361000293	0.353344966	0.37960842	0.486195665	0.454500241	0.568180273	0.368132943	0.317330041	0.17628686	0.27146269	0.159903728	0.142099753	0.227084033	0.215613692	0.316934426	0.325940361	0.312146626	0.351777953	0.385764941	0.394465998	0.283996359	0.163585845	0.273579093	0.2523143	0.231001296	0.281265017	0.5234946	0.494472991	0.267538612	0.366308971	0.404747465]
Bx=[0.369427359	0.420281579	0.434130353	0.442133751	0.486456106	0.409984376	0.475319883	0.491412478	0.431667952	0.512150231	0.544714502	0.615083198	0.442648121	0.46139879	0.428382427	0.380385648	0.354428142	0.321320432	0.313997771	0.277965603	0.260272446	0.240597231	0.22545691	0.232087561	0.189508047	0.178570745	0.165222685	0.257249224	0.234008585	0.214175618	0.190097197	0.237874608	0.286132613	0.270724225	0.306700412	0.325452845	0.332454701	0.357822095	0.399412509	0.531423723	0.561375216	0.580421024	0.392931952	0.593421169	0.495945606	0.57157204	0.402965079	0.479505812	0.450935916	0.384792707	0.348948375	0.324097269	0.301030097	0.289348248	0.278955709	0.256924725	0.234726936	0.196029822	0.249779097	0.307738529	0.345095664	0.479347277	0.525806844	0.545207499	0.401868078	0.364660073	0.32345079	0.298566395	0.272695403	0.152012551	0.288413436	0.368276486	0.45636615	0.599135394	0.620646517	0.463389284	0.391259302	0.362628092	0.43261666	0.324568727	0.323624674	0.308118428	0.269627125	0.176275404	0.267286053	0.198739877	0.184101371	0.254416529	0.342936514	0.406641924	0.526158734	0.636743335	0.615789858	0.592170614	0.556503977	0.287910194	0.22214264	0.325251932	0.404800899	0.443859322	0.607941932	0.325791338	0.286750045	0.23762088	0.60872372	0.467291199]
By=[0.27180184	0.252915724	0.226961382	0.268523135	0.248991647	0.306234565	0.287223846	0.29846355	0.320204914	0.312971805	0.33570764	0.329893209	0.352902216	0.398991258	0.432507101	0.423470829	0.422838961	0.387342022	0.555359465	0.361987359	0.328857565	0.302877661	0.254015266	0.214910316	0.121337958	0.102780384	0.07281011	0.21223856	0.163717147	0.132158856	0.089299568	0.137791585	0.218720564	0.178302063	0.194435721	0.2377328	0.180724784	0.223643944	0.207519073	0.286256266	0.301350482	0.315943795	0.329241109	0.328521532	0.360252391	0.374430794	0.365806802	0.425447713	0.466394724	0.48175055	0.478855959	0.463111749	0.442855499	0.51942737	0.425585399	0.388280204	0.338707189	0.204516666	0.246580426	0.256946468	0.279145843	0.298789988	0.33136646	0.366343656	0.45146052	0.519487048	0.518930741	0.499931661	0.469462566	0.061656907	0.151669264	0.316394418	0.338656564	0.339913043	0.337236621	0.359298246	0.348649417	0.373888518	0.472458373	0.443884028	0.558085428	0.365935357	0.306243738	0.136727931	0.261912873	0.147040599	0.122247883	0.220275506	0.210838901	0.316055087	0.32622974	0.328134707	0.33748068	0.356752092	0.372593333	0.275637772	0.123305863	0.272274113	0.254864063	0.247201944	0.318640132	0.519743618	0.487015781	0.243965231	0.339379438	0.390433131]
